0.9998238825988728 55
1.574621144167046 33
1.9956764763856563 27
2.312787572475098 23
2.563722450768099 21
2.7691447361279438 19
2.9848531562639957 18
3.162097294963884 16
3.2816885669433087 16
3.4265751045498027 15
3.5553653695169234 15
3.6524815989295645 16
3.794821732625225 14
3.8930399442787023 14
3.9530601008274293 14
4.021647891430821 13
4.113047715168078 13
4.162278447169232 13
4.249330984727103 13
4.3575285386125024 12
4.4263065342733885 12
4.439364008904762 12
4.522188425389978 12
4.583253282855119 12
4.594697217663433 12
4.695584842674025 12
4.734920140149108 11
4.764274205338529 12
4.839746282152304 11
4.8686212994973515 12
4.946835471314539 11
4.961700591311894 11
4.995356536681995 11
5.049824875889288 10
5.083243301792382 11
5.10671932503227 11
5.123005507710851 10
5.160531754365663 11
5.202532783272469 12
5.216371383696649 10
5.321673805230051 10
5.289328611852725 10
5.330078761955678 10
5.3053126737586185 10
5.404384822419823 9
5.417045189435577 10
5.439765263647655 10
5.4721122949627645 10
5.473308941084966 9
5.538193224608088 9
5.555653923356276 9
5.568193683489079 10
5.598980092195013 9
5.519774979601164 10
5.666152947156256 9
5.678929427498545 9
5.658341091996778 9
5.700668558791456 10
5.6476907909432015 10
5.7499844153947715 10
5.81777120354535 9
5.776878392763401 10
5.8273559842557034 10
5.802631876888208 9
5.90779696838051 9
5.871129695146475 9
5.90665150737226 9
5.9307790204734925 8
5.947918143766089 10
5.983704958367275 9
5.9231192549161005 9
5.964615337611595 9
6.0720747513817255 9
6.0089040204734925 9
6.025979950366958 9
6.003249382189449 8
6.067699234812012 9
6.121642091900515 9
6.121835982128444 8
6.067200732284732 8
6.129847491248925 9
6.155388223154616 8
6.155603506155832 8
6.095474540292718 9
6.223169035826778 9
6.116934550344763 9
6.1085408604800095 10
6.210492815132104 8
6.217689214034136 9
6.234495231116122 9
6.255655327559551 8
6.281132866066114 9
6.207181573659556 8
6.318179520188629 9
6.3207737560750745 8
6.309308344803052 9
6.337787137409934 8
6.345662830809062 9
6.319704362085361 8
6.342724770107872 8
6.236579825669335 8
6.463831693930048 8
6.367422109629202 8
6.347225383794801 8
6.420522219173862 8
6.465455285299644 8
6.437672061070594 8
6.431095207962844 8
6.400033498479189 9
6.474001064766484 8
6.430639760055828 9
6.478248684363189 8
6.469565799493956 8
6.491641910643968 8
6.457833230831259 8
6.521503529309109 7
6.524351404126299 8
6.502340641390687 8
6.519389578799282 8
6.494629045878823 8
6.615117068747237 9
6.472967226850506 9
6.46745976773247 7
6.509561232921797 9
6.639815053109087 8
6.636866273803762 8
6.618556852033316 8
6.629833972788996 8
6.562344510136585 8
6.625613990517683 7
6.651356531399648 7
6.6975138809730215 8
6.6944123672250875 9
6.680211304633682 8
6.56003946925462 8
6.668279726850506 8
6.64685807272799 8
6.68682651367096 8
6.660592968808242 8
6.666653980465638 8
6.691616322362369 8
6.572778883348423 8
6.6553498672250875 7
6.6697036642591 8
6.7735712051410655 8
6.774504138568908 7
6.728864785461158 8
6.72412680672422 8
6.759951332414415 7
6.795964148620952 8
6.786146521347603 8
6.7573926526017045 8
6.734118605648449 7
6.736423646530413 8
6.781773804633682 7
6.8103286642591 8
6.7580989395836735 8
6.732203664259101 7
6.776910083939009 7
6.921907800652929 7
6.816452869315626 7
6.783830761861502 8
6.737067384953774 7
6.810871498194325 8
6.927314355282828 7
6.869778980465638 7
6.845697742042277 7
6.8438837051410655 8
6.847476222869753 7
6.88348903907629 7
6.823785083939008 8
6.869135242042276 8
6.927025160278347 7
6.899757777499651 7
6.846052285461158 8
6.911626806724221 7
6.889334767732471 7
6.9455989395836735 7
6.904305310704974 7
6.88757256078573 7
6.770611707231604 9
6.87567653907629 7
6.971985218888999 8
6.8898776016676955 7
6.942159156297594 8
6.8919452774996515 7
6.978272876992268 7
6.948294079958256 7
6.981221656297594 7
6.859017701160312 7
7.094969373011515 7
6.868117678007033 8
7.006473193198806 8
7.05536403907629 7
6.978662976484885 7
7.032960376992269 7
6.989034156297594 8
7.007998035095537 7
6.903334021347603 7
6.9681553361103035 7
7.0676501602783475 7
7.088037976484885 8
7.005930359263581 7
7.009269238061524 7
7.071379138568907 8
6.97315551736685 7
7.023080201160312 8
7.003235218888999 7
7.032316638568907 7
7.027215552824224 7
6.9240763809730215 7
7.053991931622167 8
7.198599548843471 8
7.100967836110303 8
7.04170581042011 7
7.039248035095538 8
7.103019238061524 7
7.078954273518898 8
7.107001855282828 7
7.109560535095537 7
7.023080201160312 8
7.094969373011515 8
7.079734472504132 8
7.06843035926358 7
7.14414941389348 7
7.102781873011516 8
7.153096656297595 7
7.064109472504132 7
7.12071191389348 8
7.105730652316841 8
7.065244214908247 7
7.16233309370619 7
7.05733081042011 8
7.125338269538146 7
7.125575634588154 7
7.150046972504132 7
7.0306553361103035 7
7.146317994213572 7
7.179873035095537 8
7.18233081042011 7
7.249694531114784 7
7.19270199023282 8
7.090105652316841 8
7.09354543560292 7
7.29951831042011 8
7.0570416154156295 8
7.132998035095538 7
7.165281873011515 7
7.142878210927494 7
7.196921972504132 7
7.196531873011516 7
7.168620751809458 7
7.130592089725436 7
7.139285693198806 7
7.199870751809458 7
